+917226952615
+919064478978
+917478911458
+919382203257
+917811844201
+918655313765
+916238933707
+917478695701
+918590605903
+918420650985
+917363929321
+919319896580
+917075416058
+918944852432
+919330210240
+916364132118
+916297479046
+918101395192
+918714717718
+918597919533
+919382808447
+919679495082
+918779657406
+919321985458
+918905738339
+918807361731
+918515917732
+917439148423
+918882870160
+919564910544
+919239180523
+919561871867
+917029604630
+918591938421
+916296329614
+916295597058



9900